    0.000000      0.000000      0.000000
    0.010000     -0.000001     -0.000179
    0.020000     -0.000004     -0.000357
    0.030000     -0.000008     -0.000534
    0.040000     -0.000014     -0.000712
    0.050000     -0.000022     -0.000889
    0.060000     -0.000032     -0.001065
    0.070000     -0.000044     -0.001241
    0.080000     -0.000057     -0.001417
    0.090000     -0.000072     -0.001592
    0.100000     -0.000089     -0.001767
    0.110000     -0.000107     -0.001941
    0.120000     -0.000128     -0.002115
    0.130000     -0.000150     -0.002289
    0.140000     -0.000173     -0.002462
    0.150000     -0.000199     -0.002635
    0.160000     -0.000226     -0.002807
    0.170000     -0.000255     -0.002979
    0.180000     -0.000286     -0.003151
    0.190000     -0.000318     -0.003322
    0.200000     -0.000352     -0.003493
    0.210000     -0.000388     -0.003663
    0.220000     -0.000425     -0.003833
    0.230000     -0.000464     -0.004003
    0.240000     -0.000505     -0.004172
    0.250000     -0.000548     -0.004340
    0.260000     -0.000592     -0.004509
    0.270000     -0.000638     -0.004677
    0.280000     -0.000686     -0.004844
    0.290000     -0.000735     -0.005011
    0.300000     -0.000786     -0.005178
    0.310000     -0.000838     -0.005344
    0.320000     -0.000893     -0.005510
    0.330000     -0.000949     -0.005675
    0.340000     -0.001006     -0.005840
    0.350000     -0.001065     -0.006005
    0.360000     -0.001126     -0.006169
    0.370000     -0.001189     -0.006333
    0.380000     -0.001253     -0.006497
    0.390000     -0.001319     -0.006660
    0.400000     -0.001386     -0.006822
    0.410000     -0.001455     -0.006984
    0.420000     -0.001526     -0.007146
    0.430000     -0.001598     -0.007308
    0.440000     -0.001672     -0.007469
    0.450000     -0.001748     -0.007629
    0.460000     -0.001825     -0.007789
    0.470000     -0.001903     -0.007949
    0.480000     -0.001984     -0.008109
    0.490000     -0.002066     -0.008268
    0.500000     -0.002149     -0.008426
    0.510000     -0.002234     -0.008584
    0.520000     -0.002321     -0.008742
    0.530000     -0.002409     -0.008900
    0.540000     -0.002499     -0.009057
    0.550000     -0.002590     -0.009213
    0.560000     -0.002683     -0.009369
    0.570000     -0.002777     -0.009525
    0.580000     -0.002873     -0.009681
    0.590000     -0.002971     -0.009836
    0.600000     -0.003070     -0.009990
    0.610000     -0.003171     -0.010144
    0.620000     -0.003273     -0.010298
    0.630000     -0.003377     -0.010452
    0.640000     -0.003482     -0.010605
    0.650000     -0.003589     -0.010757
    0.660000     -0.003697     -0.010909
    0.670000     -0.003807     -0.011061
    0.680000     -0.003918     -0.011213
    0.690000     -0.004031     -0.011364
    0.700000     -0.004146     -0.011514
    0.710000     -0.004262     -0.011664
    0.720000     -0.004379     -0.011814
    0.730000     -0.004498     -0.011964
    0.740000     -0.004618     -0.012113
    0.750000     -0.004740     -0.012261
    0.760000     -0.004863     -0.012410
    0.770000     -0.004988     -0.012557
    0.780000     -0.005115     -0.012705
    0.790000     -0.005242     -0.012852
    0.800000     -0.005372     -0.012999
    0.810000     -0.005502     -0.013145
    0.820000     -0.005635     -0.013291
    0.830000     -0.005768     -0.013436
    0.840000     -0.005903     -0.013581
    0.850000     -0.006040     -0.013726
    0.860000     -0.006178     -0.013870
    0.870000     -0.006317     -0.014014
    0.880000     -0.006458     -0.014158
    0.890000     -0.006600     -0.014301
    0.900000     -0.006744     -0.014444
    0.910000     -0.006889     -0.014586
    0.920000     -0.007036     -0.014728
    0.930000     -0.007184     -0.014869
    0.940000     -0.007333     -0.015011
    0.950000     -0.007484     -0.015151
    0.960000     -0.007636     -0.015292
    0.970000     -0.007790     -0.015432
    0.980000     -0.007945     -0.015571
    0.990000     -0.008101     -0.015710
    1.000000     -0.008259     -0.015849
    1.010000     -0.008418     -0.015988
    1.020000     -0.008579     -0.016126
    1.030000     -0.008741     -0.016263
    1.040000     -0.008904     -0.016401
    1.050000     -0.009069     -0.016537
    1.060000     -0.009235     -0.016674
    1.070000     -0.009402     -0.016810
    1.080000     -0.009571     -0.016946
    1.090000     -0.009741     -0.017081
    1.100000     -0.009913     -0.017216
    1.110000     -0.010085     -0.017350
    1.120000     -0.010260     -0.017485
    1.130000     -0.010435     -0.017618
    1.140000     -0.010612     -0.017752
    1.150000     -0.010790     -0.017885
    1.160000     -0.010970     -0.018017
    1.170000     -0.011151     -0.018150
    1.180000     -0.011333     -0.018281
    1.190000     -0.011516     -0.018413
    1.200000     -0.011701     -0.018544
    1.210000     -0.011887     -0.018675
    1.220000     -0.012074     -0.018805
    1.230000     -0.012263     -0.018935
    1.240000     -0.012453     -0.019064
    1.250000     -0.012644     -0.019193
    1.260000     -0.012837     -0.019322
    1.270000     -0.013031     -0.019450
    1.280000     -0.013226     -0.019578
    1.290000     -0.013422     -0.019706
    1.300000     -0.013620     -0.019833
    1.310000     -0.013819     -0.019960
    1.320000     -0.014019     -0.020086
    1.330000     -0.014221     -0.020213
    1.340000     -0.014424     -0.020338
    1.350000     -0.014628     -0.020463
    1.360000     -0.014833     -0.020588
    1.370000     -0.015039     -0.020713
    1.380000     -0.015247     -0.020837
    1.390000     -0.015456     -0.020961
    1.400000     -0.015666     -0.021084
    1.410000     -0.015878     -0.021207
    1.420000     -0.016090     -0.021330
    1.430000     -0.016304     -0.021452
    1.440000     -0.016520     -0.021574
    1.450000     -0.016736     -0.021695
    1.460000     -0.016953     -0.021816
    1.470000     -0.017172     -0.021937
    1.480000     -0.017392     -0.022058
    1.490000     -0.017613     -0.022177
    1.500000     -0.017836     -0.022297
    1.510000     -0.018059     -0.022416
    1.520000     -0.018284     -0.022535
    1.530000     -0.018510     -0.022654
    1.540000     -0.018737     -0.022772
    1.550000     -0.018965     -0.022889
    1.560000     -0.019195     -0.023007
    1.570000     -0.019426     -0.023124
    1.580000     -0.019657     -0.023240
    1.590000     -0.019890     -0.023356
    1.600000     -0.020124     -0.023472
    1.610000     -0.020360     -0.023587
    1.620000     -0.020596     -0.023703
    1.630000     -0.020834     -0.023817
    1.640000     -0.021073     -0.023931
    1.650000     -0.021312     -0.024045
    1.660000     -0.021553     -0.024159
    1.670000     -0.021796     -0.024272
    1.680000     -0.022039     -0.024385
    1.690000     -0.022283     -0.024497
    1.700000     -0.022529     -0.024609
    1.710000     -0.022776     -0.024721
    1.720000     -0.023023     -0.024832
    1.730000     -0.023272     -0.024943
    1.740000     -0.023522     -0.025054
    1.750000     -0.023773     -0.025164
    1.760000     -0.024025     -0.025274
    1.770000     -0.024279     -0.025383
    1.780000     -0.024533     -0.025492
    1.790000     -0.024789     -0.025601
    1.800000     -0.025045     -0.025709
    1.810000     -0.025303     -0.025817
    1.820000     -0.025561     -0.025925
    1.830000     -0.025821     -0.026032
    1.840000     -0.026082     -0.026139
    1.850000     -0.026344     -0.026245
    1.860000     -0.026607     -0.026351
    1.870000     -0.026871     -0.026457
    1.880000     -0.027136     -0.026562
    1.890000     -0.027402     -0.026667
    1.900000     -0.027669     -0.026772
    1.910000     -0.027938     -0.026876
    1.920000     -0.028207     -0.026980
    1.930000     -0.028477     -0.027083
    1.940000     -0.028749     -0.027186
    1.950000     -0.029021     -0.027289
    1.960000     -0.029294     -0.027392
    1.970000     -0.029569     -0.027494
    1.980000     -0.029844     -0.027595
    1.990000     -0.030121     -0.027696
    2.000000     -0.030398     -0.027797
    2.010000     -0.030677     -0.027898
    2.020000     -0.030956     -0.027998
    2.030000     -0.031237     -0.028098
    2.040000     -0.031518     -0.028197
    2.050000     -0.031801     -0.028296
    2.060000     -0.032084     -0.028395
    2.070000     -0.032368     -0.028493
    2.080000     -0.032654     -0.028591
    2.090000     -0.032940     -0.028689
    2.100000     -0.033228     -0.028786
    2.110000     -0.033516     -0.028883
    2.120000     -0.033805     -0.028979
    2.130000     -0.034096     -0.029075
    2.140000     -0.034387     -0.029171
    2.150000     -0.034679     -0.029267
    2.160000     -0.034972     -0.029362
    2.170000     -0.035266     -0.029456
    2.180000     -0.035561     -0.029551
    2.190000     -0.035857     -0.029645
    2.200000     -0.036154     -0.029738
    2.210000     -0.036452     -0.029831
    2.220000     -0.036751     -0.029924
    2.230000     -0.037051     -0.030017
    2.240000     -0.037351     -0.030109
    2.250000     -0.037653     -0.030201
    2.260000     -0.037955     -0.030292
    2.270000     -0.038259     -0.030383
    2.280000     -0.038563     -0.030474
    2.290000     -0.038868     -0.030564
    2.300000     -0.039174     -0.030654
    2.310000     -0.039481     -0.030743
    2.320000     -0.039789     -0.030833
    2.330000     -0.040098     -0.030922
    2.340000     -0.040407     -0.031010
    2.350000     -0.040718     -0.031098
    2.360000     -0.041029     -0.031186
    2.370000     -0.041342     -0.031273
    2.380000     -0.041655     -0.031360
    2.390000     -0.041969     -0.031447
    2.400000     -0.042284     -0.031533
    2.410000     -0.042600     -0.031619
    2.420000     -0.042916     -0.031705
    2.430000     -0.043234     -0.031790
    2.440000     -0.043552     -0.031875
    2.450000     -0.043871     -0.031960
    2.460000     -0.044191     -0.032044
    2.470000     -0.044512     -0.032128
    2.480000     -0.044834     -0.032211
    2.490000     -0.045156     -0.032294
    2.500000     -0.045480     -0.032377
    2.510000     -0.045804     -0.032459
    2.520000     -0.046129     -0.032541
    2.530000     -0.046455     -0.032623
    2.540000     -0.046781     -0.032704
    2.550000     -0.047109     -0.032785
    2.560000     -0.047437     -0.032866
    2.570000     -0.047766     -0.032946
    2.580000     -0.048096     -0.033026
    2.590000     -0.048427     -0.033106
    2.600000     -0.048758     -0.033185
    2.610000     -0.049090     -0.033264
    2.620000     -0.049423     -0.033342
    2.630000     -0.049757     -0.033420
    2.640000     -0.050092     -0.033498
    2.650000     -0.050427     -0.033576
    2.660000     -0.050763     -0.033653
    2.670000     -0.051100     -0.033729
    2.680000     -0.051438     -0.033806
    2.690000     -0.051776     -0.033882
    2.700000     -0.052115     -0.033957
    2.710000     -0.052455     -0.034033
    2.720000     -0.052796     -0.034107
    2.730000     -0.053137     -0.034182
    2.740000     -0.053480     -0.034256
    2.750000     -0.053823     -0.034330
    2.760000     -0.054166     -0.034404
    2.770000     -0.054511     -0.034477
    2.780000     -0.054856     -0.034550
    2.790000     -0.055202     -0.034622
    2.800000     -0.055548     -0.034694
    2.810000     -0.055896     -0.034766
    2.820000     -0.056244     -0.034837
    2.830000     -0.056592     -0.034909
    2.840000     -0.056942     -0.034979
    2.850000     -0.057292     -0.035050
    2.860000     -0.057643     -0.035120
    2.870000     -0.057994     -0.035189
    2.880000     -0.058347     -0.035259
    2.890000     -0.058699     -0.035328
    2.900000     -0.059053     -0.035396
    2.910000     -0.059407     -0.035464
    2.920000     -0.059762     -0.035532
    2.930000     -0.060118     -0.035600
    2.940000     -0.060474     -0.035667
    2.950000     -0.060831     -0.035734
    2.960000     -0.061189     -0.035801
    2.970000     -0.061547     -0.035867
    2.980000     -0.061906     -0.035933
    2.990000     -0.062266     -0.035998
    3.000000     -0.062626     -0.036063
    3.010000     -0.062987     -0.036128
    3.020000     -0.063349     -0.036193
    3.030000     -0.063711     -0.036257
    3.040000     -0.064074     -0.036320
    3.050000     -0.064438     -0.036384
    3.060000     -0.064802     -0.036447
    3.070000     -0.065166     -0.036510
    3.080000     -0.065532     -0.036572
    3.090000     -0.065898     -0.036634
    3.100000     -0.066265     -0.036696
    3.110000     -0.066632     -0.036757
    3.120000     -0.067000     -0.036818
    3.130000     -0.067368     -0.036879
    3.140000     -0.067737     -0.036939
    3.150000     -0.068107     -0.036999
    3.160000     -0.068477     -0.037059
    3.170000     -0.068848     -0.037118
    3.180000     -0.069220     -0.037177
    3.190000     -0.069592     -0.037235
    3.200000     -0.069964     -0.037294
    3.210000     -0.070338     -0.037352
    3.220000     -0.070711     -0.037409
    3.230000     -0.071086     -0.037466
    3.240000     -0.071461     -0.037523
    3.250000     -0.071836     -0.037580
    3.260000     -0.072212     -0.037636
    3.270000     -0.072589     -0.037692
    3.280000     -0.072966     -0.037747
    3.290000     -0.073344     -0.037802
    3.300000     -0.073722     -0.037857
    3.310000     -0.074101     -0.037912
    3.320000     -0.074480     -0.037966
    3.330000     -0.074860     -0.038020
    3.340000     -0.075241     -0.038073
    3.350000     -0.075622     -0.038126
    3.360000     -0.076003     -0.038179
    3.370000     -0.076385     -0.038232
    3.380000     -0.076768     -0.038284
    3.390000     -0.077151     -0.038336
    3.400000     -0.077535     -0.038387
    3.410000     -0.077919     -0.038438
    3.420000     -0.078303     -0.038489
    3.430000     -0.078689     -0.038539
    3.440000     -0.079074     -0.038589
    3.450000     -0.079460     -0.038639
    3.460000     -0.079847     -0.038689
    3.470000     -0.080234     -0.038738
    3.480000     -0.080622     -0.038786
    3.490000     -0.081010     -0.038835
    3.500000     -0.081398     -0.038883
    3.510000     -0.081788     -0.038931
    3.520000     -0.082177     -0.038978
    3.530000     -0.082567     -0.039025
    3.540000     -0.082958     -0.039072
    3.550000     -0.083349     -0.039118
    3.560000     -0.083740     -0.039164
    3.570000     -0.084132     -0.039210
    3.580000     -0.084524     -0.039255
    3.590000     -0.084917     -0.039301
    3.600000     -0.085310     -0.039345
    3.610000     -0.085704     -0.039390
    3.620000     -0.086098     -0.039434
    3.630000     -0.086492     -0.039477
    3.640000     -0.086887     -0.039521
    3.650000     -0.087283     -0.039564
    3.660000     -0.087679     -0.039607
    3.670000     -0.088075     -0.039649
    3.680000     -0.088472     -0.039691
    3.690000     -0.088869     -0.039733
    3.700000     -0.089266     -0.039774
    3.710000     -0.089664     -0.039815
    3.720000     -0.090063     -0.039856
    3.730000     -0.090461     -0.039896
    3.740000     -0.090861     -0.039937
    3.750000     -0.091260     -0.039976
    3.760000     -0.091660     -0.040016
    3.770000     -0.092060     -0.040055
    3.780000     -0.092461     -0.040094
    3.790000     -0.092862     -0.040132
    3.800000     -0.093264     -0.040170
    3.810000     -0.093666     -0.040208
    3.820000     -0.094068     -0.040245
    3.830000     -0.094471     -0.040282
    3.840000     -0.094874     -0.040319
    3.850000     -0.095277     -0.040356
    3.860000     -0.095681     -0.040392
    3.870000     -0.096085     -0.040428
    3.880000     -0.096489     -0.040463
    3.890000     -0.096894     -0.040498
    3.900000     -0.097299     -0.040533
    3.910000     -0.097705     -0.040567
    3.920000     -0.098111     -0.040602
    3.930000     -0.098517     -0.040635
    3.940000     -0.098923     -0.040669
    3.950000     -0.099330     -0.040702
    3.960000     -0.099737     -0.040735
    3.970000     -0.100145     -0.040767
    3.980000     -0.100553     -0.040800
    3.990000     -0.100961     -0.040832
    4.000000     -0.101369     -0.040863
    4.010000     -0.101778     -0.040894
    4.020000     -0.102187     -0.040925
    4.030000     -0.102597     -0.040956
    4.040000     -0.103006     -0.040986
    4.050000     -0.103416     -0.041016
    4.060000     -0.103827     -0.041046
    4.070000     -0.104237     -0.041075
    4.080000     -0.104648     -0.041104
    4.090000     -0.105059     -0.041133
    4.100000     -0.105471     -0.041161
    4.110000     -0.105883     -0.041189
    4.120000     -0.106295     -0.041216
    4.130000     -0.106707     -0.041244
    4.140000     -0.107119     -0.041271
    4.150000     -0.107532     -0.041298
    4.160000     -0.107945     -0.041324
    4.170000     -0.108359     -0.041350
    4.180000     -0.108772     -0.041376
    4.190000     -0.109186     -0.041401
    4.200000     -0.109600     -0.041426
    4.210000     -0.110015     -0.041451
    4.220000     -0.110429     -0.041475
    4.230000     -0.110844     -0.041500
    4.240000     -0.111259     -0.041523
    4.250000     -0.111675     -0.041547
    4.260000     -0.112090     -0.041570
    4.270000     -0.112506     -0.041593
    4.280000     -0.112922     -0.041615
    4.290000     -0.113339     -0.041638
    4.300000     -0.113755     -0.041660
    4.310000     -0.114172     -0.041681
    4.320000     -0.114589     -0.041702
    4.330000     -0.115006     -0.041723
    4.340000     -0.115423     -0.041744
    4.350000     -0.115841     -0.041764
    4.360000     -0.116258     -0.041784
    4.370000     -0.116676     -0.041804
    4.380000     -0.117094     -0.041823
    4.390000     -0.117513     -0.041842
    4.400000     -0.117931     -0.041861
    4.410000     -0.118350     -0.041880
    4.420000     -0.118769     -0.041898
    4.430000     -0.119188     -0.041915
    4.440000     -0.119607     -0.041933
    4.450000     -0.120027     -0.041950
    4.460000     -0.120446     -0.041967
    4.470000     -0.120866     -0.041983
    4.480000     -0.121286     -0.042000
    4.490000     -0.121706     -0.042015
    4.500000     -0.122126     -0.042031
    4.510000     -0.122547     -0.042046
    4.520000     -0.122967     -0.042061
    4.530000     -0.123388     -0.042076
    4.540000     -0.123809     -0.042090
    4.550000     -0.124230     -0.042104
    4.560000     -0.124651     -0.042118
    4.570000     -0.125072     -0.042131
    4.580000     -0.125493     -0.042144
    4.590000     -0.125915     -0.042157
    4.600000     -0.126336     -0.042170
    4.610000     -0.126758     -0.042182
    4.620000     -0.127180     -0.042194
    4.630000     -0.127602     -0.042205
    4.640000     -0.128024     -0.042216
    4.650000     -0.128446     -0.042227
    4.660000     -0.128869     -0.042238
    4.670000     -0.129291     -0.042248
    4.680000     -0.129714     -0.042258
    4.690000     -0.130136     -0.042268
    4.700000     -0.130559     -0.042277
    4.710000     -0.130982     -0.042286
    4.720000     -0.131405     -0.042295
    4.730000     -0.131828     -0.042303
    4.740000     -0.132251     -0.042311
    4.750000     -0.132674     -0.042319
    4.760000     -0.133097     -0.042327
    4.770000     -0.133521     -0.042334
    4.780000     -0.133944     -0.042341
    4.790000     -0.134367     -0.042347
    4.800000     -0.134791     -0.042353
    4.810000     -0.135214     -0.042359
    4.820000     -0.135638     -0.042365
    4.830000     -0.136062     -0.042370
    4.840000     -0.136485     -0.042375
    4.850000     -0.136909     -0.042380
    4.860000     -0.137333     -0.042384
    4.870000     -0.137757     -0.042389
    4.880000     -0.138181     -0.042392
    4.890000     -0.138605     -0.042396
    4.900000     -0.139029     -0.042399
    4.910000     -0.139453     -0.042402
    4.920000     -0.139877     -0.042405
    4.930000     -0.140301     -0.042407
    4.940000     -0.140725     -0.042409
    4.950000     -0.141149     -0.042410
    4.960000     -0.141573     -0.042412
    4.970000     -0.141997     -0.042413
    4.980000     -0.142421     -0.042414
    4.990000     -0.142845     -0.042414
    5.000000     -0.143270     -0.042414
